1000	487.32	487.32	487.32
500	487.57	487.57	487.57
344.83	487.89	487.89	487.89
256.41	488.33	488.33	488.33
204.08	488.84	488.84	488.84
169.49	489.42	489.42	489.42
147.06	489.99	489.99	489.99
128.21	490.67	490.67	490.67
113.64	491.39	491.39	491.39
102.04	492.15	492.15	492.15
93.458	492.86	492.86	492.86
85.47	493.67	493.67	493.67
78.74	494.5	494.5	494.5
72.993	495.35	495.35	495.35
68.493	496.13	496.13	496.13
64.103	497	497	497
60.241	497.88	497.88	497.88
56.818	498.76	498.76	498.76
53.763	499.64	499.64	499.64
51.282	500.43	500.43	500.43
48.781	501.29	501.29	501.29
46.512	502.15	502.15	502.15
44.444	503	503	503
42.735	503.75	503.75	503.75
40.984	504.56	504.56	504.56
39.37	505.35	505.35	505.35
37.879	506.13	506.13	506.13
36.63	506.8	506.8	506.8
35.336	507.52	507.52	507.52
34.13	508.21	508.21	508.21
33.003	508.87	508.87	508.87
31.949	509.5	509.5	509.5
31.056	510.03	510.03	510.03
30.121	510.59	510.59	510.59
29.24	511.12	511.12	511.12
28.409	511.6	511.6	511.6
27.701	511.99	511.99	511.99
26.954	512.4	512.4	512.4
26.247	512.75	512.75	512.75
25.575	513.06	513.06	513.06
25	513.3	513.3	513.3
24.39	513.52	513.52	513.52
23.81	513.69	513.69	513.69
23.256	513.82	513.82	513.82
22.779	513.88	513.88	513.88
22.272	513.91	513.91	513.91
21.787	513.88	513.88	513.88
21.322	513.8	513.8	513.8
20.877	513.66	513.66	513.66
20.492	513.49	513.49	513.49
20.08	513.26	513.26	513.26
19.685	512.96	512.96	512.96
19.305	512.61	512.61	512.61
18.975	512.25	512.25	512.25
18.622	511.79	511.79	511.79
18.282	511.28	511.28	511.28
17.953	510.71	510.71	510.71
17.668	510.15	510.15	510.15
17.361	509.47	509.47	509.47
17.065	508.74	508.74	508.74
16.779	507.95	507.95	507.95
16.529	507.2	507.2	507.2
16.26	506.3	506.3	506.3
16	505.35	505.35	505.35
15.748	504.35	504.35	504.35
15.504	503.29	503.29	503.29
15.291	502.29	502.29	502.29
15.06	501.13	501.13	501.13
14.837	499.92	499.92	499.92
14.62	498.65	498.65	498.65
14.43	497.47	497.47	497.47
14.225	496.11	496.11	496.11
14.025	494.7	494.7	494.7
13.831	493.24	493.24	493.24
13.661	491.88	491.88	491.88
13.477	490.33	490.33	490.33
13.298	488.74	488.74	488.74
13.123	487.09	487.09	487.09
12.97	485.58	485.58	485.58
12.804	483.85	483.85	483.85
12.642	482.08	482.08	482.08
12.484	480.27	480.27	480.27
12.331	478.42	478.42	478.42
12.195	476.72	476.72	476.72
12.048	474.8	474.8	474.8
11.905	472.84	472.84	472.84
11.765	470.84	470.84	470.84
11.641	469.02	469.02	469.02
11.508	466.96	466.96	466.96
11.377	464.86	464.86	464.86
11.249	462.74	462.74	462.74
11.136	460.8	460.8	460.8
11.013	458.63	458.63	458.63
10.893	456.42	456.42	456.42
10.776	454.19	454.19	454.19
10.661	451.93	451.93	451.93
10.56	449.88	449.88	449.88
10.449	447.58	447.58	447.58
10.341	445.26	445.26	445.26
10.235	442.91	442.91	442.91
10.142	440.79	440.79	440.79
10.04	438.41	438.41	438.41
9.9404	436.02	436.02	436.02
9.8425	433.61	433.61	433.61
9.7561	431.43	431.43	431.43
9.6618	429	429	429
9.5694	426.55	426.55	426.55
9.4787	424.1	424.1	424.1
9.3985	421.88	421.88	421.88
9.311	419.41	419.41	419.41
9.2251	416.93	416.93	416.93
9.1408	414.44	414.44	414.44
9.058	411.95	411.95	411.95
8.9847	409.7	409.7	409.7
8.9047	407.21	407.21	407.21
8.8261	404.71	404.71	404.71
8.7489	402.2	402.2	402.2
8.6806	399.95	399.95	399.95
8.6059	397.45	397.45	397.45
8.5324	394.96	394.96	394.96
8.4602	392.46	392.46	392.46
8.3963	390.22	390.22	390.22
8.3264	387.73	387.73	387.73
8.2576	385.25	385.25	385.25
8.19	382.77	382.77	382.77
8.1301	380.55	380.55	380.55
8.0645	378.09	378.09	378.09
8	375.64	375.64	375.64
7.9365	373.2	373.2	373.2
7.874	370.76	370.76	370.76
7.8186	368.58	368.58	368.58
7.758	366.17	366.17	366.17
7.6982	363.77	363.77	363.77
7.6394	361.39	361.39	361.39
7.5873	359.25	359.25	359.25
7.5301	356.89	356.89	356.89
7.4738	354.55	354.55	354.55
7.4184	352.22	352.22	352.22
7.3692	350.14	350.14	350.14
7.3153	347.84	347.84	347.84
7.2622	345.56	345.56	345.56
7.2098	343.3	343.3	343.3
7.1633	341.27	341.27	341.27
7.1124	339.05	339.05	339.05
7.0621	336.84	336.84	336.84
7.0126	334.65	334.65	334.65
6.9638	332.47	332.47	332.47
6.9204	330.54	330.54	330.54
6.8728	328.4	328.4	328.4
6.8259	326.29	326.29	326.29
6.7797	324.2	324.2	324.2
6.7385	322.34	322.34	322.34
6.6934	320.29	320.29	320.29
6.6489	318.26	318.26	318.26
6.605	316.26	316.26	316.26
6.566	314.47	314.47	314.47
6.5232	312.51	312.51	312.51
6.4809	310.57	310.57	310.57
6.4391	308.65	308.65	308.65
6.3979	306.76	306.76	306.76
6.3613	305.08	305.08	305.08
6.3211	303.23	303.23	303.23
6.2814	301.41	301.41	301.41
6.2422	299.61	299.61	299.61
6.2073	298.01	298.01	298.01
6.169	296.25	296.25	296.25
6.1312	294.52	294.52	294.52
6.0938	292.82	292.82	292.82
6.0606	291.3	291.3	291.3
6.0241	289.65	289.65	289.65
5.988	288.01	288.01	288.01
5.9524	286.4	286.4	286.4
5.9207	284.97	284.97	284.97
5.8858	283.41	283.41	283.41
5.8514	281.87	281.87	281.87
5.8173	280.36	280.36	280.36
5.7837	278.87	278.87	278.87
5.7537	277.55	277.55	277.55
5.7208	276.1	276.1	276.1
5.6883	274.69	274.69	274.69
5.6561	273.29	273.29	273.29
5.6275	272.06	272.06	272.06
5.596	270.71	270.71	270.71
5.5648	269.39	269.39	269.39
5.534	268.09	268.09	268.09
5.5066	266.94	266.94	266.94
5.4764	265.68	265.68	265.68
5.4466	264.45	264.45	264.45
5.4171	263.24	263.24	263.24
5.3908	262.18	262.18	262.18
5.3619	261.01	261.01	261.01
5.3333	259.88	259.88	259.88
5.305	258.76	258.76	258.76
5.277	257.67	257.67	257.67
5.2521	256.7	256.7	256.7
5.2247	255.65	255.65	255.65
5.1975	254.62	254.62	254.62
5.1706	253.62	253.62	253.62
5.1467	252.73	252.73	252.73
5.1203	251.77	251.77	251.77
5.0942	250.83	250.83	250.83
5.0684	249.91	249.91	249.91
5.0454	249.1	249.1	249.1
5.0201	248.22	248.22	248.22
4.995	247.36	247.36	247.36
4.9702	246.52	246.52	246.52
4.9481	245.79	245.79	245.79
4.9237	244.99	244.99	244.99
4.8996	244.21	244.21	244.21
4.8757	243.45	243.45	243.45
4.852	242.71	242.71	242.71
4.8309	242.06	242.06	242.06
4.8077	241.36	241.36	241.36
4.7847	240.68	240.68	240.68
4.7619	240.02	240.02	240.02
4.7416	239.44	239.44	239.44
4.7192	238.81	238.81	238.81
4.697	238.2	238.2	238.2
4.6751	237.61	237.61	237.61
4.6555	237.09	237.09	237.09
4.6339	236.53	236.53	236.53
4.6125	235.99	235.99	235.99
4.5914	235.47	235.47	235.47
4.5704	234.96	234.96	234.96
4.5517	234.52	234.52	234.52
4.531	234.04	234.04	234.04
4.5106	233.58	233.58	233.58
4.4904	233.14	233.14	233.14
4.4723	232.75	232.75	232.75
4.4524	232.34	232.34	232.34
4.4326	231.94	231.94	231.94
4.4131	231.56	231.56	231.56
4.3956	231.23	231.23	231.23
4.3764	230.87	230.87	230.87
4.3573	230.53	230.53	230.53
4.3384	230.21	230.21	230.21
4.3215	229.92	229.92	229.92
4.3029	229.62	229.62	229.62
4.2845	229.34	229.34	229.34
4.2662	229.06	229.06	229.06
4.2481	228.8	228.8	228.8
4.2319	228.58	228.58	228.58
4.2141	228.34	228.34	228.34
4.1964	228.12	228.12	228.12
4.1788	227.91	227.91	227.91
4.1632	227.73	227.73	227.73
4.1459	227.54	227.54	227.54
4.1288	227.36	227.36	227.36
4.1118	227.2	227.2	227.2
4.0967	227.06	227.06	227.06
4.08	226.91	226.91	226.91
4.0634	226.78	226.78	226.78
4.0469	226.65	226.65	226.65
4.0323	226.55	226.55	226.55
4.0161	226.44	226.44	226.44
4	226.35	226.35	226.35
3.9841	226.26	226.26	226.26
3.9682	226.19	226.19	226.19
3.9541	226.12	226.12	226.12
3.9386	226.07	226.07	226.07
3.9231	226.02	226.02	226.02
3.9078	225.97	225.97	225.97
3.8941	225.94	225.94	225.94
3.879	225.92	225.92	225.92
3.864	225.9	225.9	225.9
3.8491	225.89	225.89	225.89
3.8358	225.89	225.89	225.89
3.8212	225.89	225.89	225.89
3.8066	225.9	225.9	225.9
3.7922	225.92	225.92	225.92
3.7793	225.94	225.94	225.94
3.7651	225.97	225.97	225.97
3.7509	226.01	226.01	226.01
3.7369	226.06	226.06	226.06
3.723	226.11	226.11	226.11
3.7106	226.16	226.16	226.16
3.6969	226.22	226.22	226.22
3.6832	226.28	226.28	226.28
3.6697	226.35	226.35	226.35
3.6576	226.42	226.42	226.42
3.6443	226.51	226.51	226.51
3.6311	226.59	226.59	226.59
3.6179	226.68	226.68	226.68
3.6062	226.77	226.77	226.77
3.5932	226.86	226.86	226.86
3.5804	226.97	226.97	226.97
3.5676	227.07	227.07	227.07
3.5549	227.18	227.18	227.18
3.5436	227.28	227.28	227.28
3.5311	227.39	227.39	227.39
3.5187	227.51	227.51	227.51
3.5063	227.63	227.63	227.63
3.4953	227.73	227.73	227.73
3.4831	227.86	227.86	227.86
3.471	227.98	227.98	227.98
3.459	228.1	228.1	228.1
3.4483	228.21	228.21	228.21
3.4364	228.33	228.33	228.33
3.4247	228.45	228.45	228.45
3.413	228.57	228.57	228.57
3.4025	228.67	228.67	228.67
3.391	228.78	228.78	228.78
3.3795	228.88	228.88	228.88
3.3681	228.98	228.98	228.98
3.3568	229.07	229.07	229.07
3.3467	229.14	229.14	229.14
3.3356	229.2	229.2	229.2
3.3245	229.24	229.24	229.24
3.3135	229.26	229.26	229.26
3.3036	229.25	229.25	229.25
3.2927	229.19	229.19	229.19
3.2819	229.08	229.08	229.08
3.2712	228.89	228.89	228.89
3.2616	228.62	228.62	228.62
3.251	228.15	228.15	228.15
3.2404	227.4	227.4	227.4
3.23	226.16	226.16	226.16
3.2206	224.23	224.23	224.23
3.2103	219.92	219.92	219.92
3.2	207.94	207.94	207.94
3.1898	204.92	204.92	204.92
3.1797	256.22	256.22	256.22
3.1706	247.93	247.93	247.93
3.1606	243.92	243.92	243.92
3.1506	241.92	241.92	241.92
3.1407	240.8	240.8	240.8
3.1319	240.18	240.18	240.18
3.1221	239.74	239.74	239.74
3.1124	239.47	239.47	239.47
3.1027	239.31	239.31	239.31
3.0941	239.24	239.24	239.24
3.0845	239.22	239.22	239.22
3.075	239.24	239.24	239.24
3.0656	239.3	239.3	239.3
3.0572	239.37	239.37	239.37
3.0478	239.48	239.48	239.48
3.0386	239.6	239.6	239.6
3.0294	239.73	239.73	239.73
3.0202	239.88	239.88	239.88
3.012	240.02	240.02	240.02
3.003	240.19	240.19	240.19
2.994	240.36	240.36	240.36
2.9851	240.54	240.54	240.54
2.9771	240.71	240.71	240.71
2.9682	240.9	240.9	240.9
2.9595	241.09	241.09	241.09
2.9507	241.29	241.29	241.29
2.9429	241.47	241.47	241.47
2.9343	241.68	241.68	241.68
2.9257	241.88	241.88	241.88
2.9171	242.09	242.09	242.09
2.9087	242.3	242.3	242.3
2.9011	242.49	242.49	242.49
2.8927	242.71	242.71	242.71
2.8843	242.92	242.92	242.92
2.876	243.14	243.14	243.14
2.8686	243.33	243.33	243.33
2.8604	243.55	243.55	243.55
2.8523	243.77	243.77	243.77
2.8441	243.99	243.99	243.99
2.8369	244.19	244.19	244.19
2.8289	244.41	244.41	244.41
2.8209	244.63	244.63	244.63
2.8129	244.85	244.85	244.85
2.8058	245.05	245.05	245.05
2.798	245.27	245.27	245.27
2.7902	245.5	245.5	245.5
2.7824	245.72	245.72	245.72
2.7747	245.94	245.94	245.94
2.7678	246.14	246.14	246.14
2.7601	246.36	246.36	246.36
2.7525	246.58	246.58	246.58
2.745	246.8	246.8	246.8
2.7382	247	247	247
2.7308	247.22	247.22	247.22
2.7233	247.44	247.44	247.44
2.7159	247.66	247.66	247.66
2.7093	247.86	247.86	247.86
2.702	248.07	248.07	248.07
2.6947	248.29	248.29	248.29
2.6875	248.51	248.51	248.51
2.681	248.7	248.7	248.7
2.6738	248.92	248.92	248.92
2.6667	249.13	249.13	249.13
2.6596	249.35	249.35	249.35
2.6525	249.56	249.56	249.56
2.6462	249.76	249.76	249.76
2.6392	249.97	249.97	249.97
2.6323	250.18	250.18	250.18
2.6254	250.39	250.39	250.39
2.6192	250.58	250.58	250.58
2.6123	250.79	250.79	250.79
2.6055	251	251	251
2.5987	251.2	251.2	251.2
2.5927	251.39	251.39	251.39
2.586	251.6	251.6	251.6
2.5793	251.8	251.8	251.8
2.5727	252.01	252.01	252.01
2.5667	252.19	252.19	252.19
2.5602	252.39	252.39	252.39
2.5536	252.59	252.59	252.59
2.5471	252.79	252.79	252.79
2.5406	252.99	252.99	252.99
2.5349	253.17	253.17	253.17
2.5284	253.37	253.37	253.37
2.5221	253.56	253.56	253.56
2.5157	253.76	253.76	253.76
2.51	253.93	253.93	253.93
2.5038	254.13	254.13	254.13
2.4975	254.32	254.32	254.32
2.4913	254.51	254.51	254.51
2.4857	254.68	254.68	254.68
2.4795	254.87	254.87	254.87
2.4734	255.06	255.06	255.06
2.4673	255.24	255.24	255.24
2.4612	255.43	255.43	255.43
2.4558	255.59	255.59	255.59
2.4498	255.78	255.78	255.78
2.4438	255.96	255.96	255.96
2.4378	256.14	256.14	256.14
2.4325	256.3	256.3	256.3
2.4266	256.48	256.48	256.48
2.4207	256.66	256.66	256.66
2.4149	256.83	256.83	256.83
2.4096	256.99	256.99	256.99
2.4038	257.16	257.16	257.16
2.3981	257.34	257.34	257.34
2.3923	257.51	257.51	257.51
2.3872	257.66	257.66	257.66
2.3815	257.83	257.83	257.83
2.3759	257.99	257.99	257.99
2.3702	258.16	258.16	258.16
2.3646	258.32	258.32	258.32
2.3596	258.47	258.47	258.47
2.3541	258.63	258.63	258.63
2.3485	258.79	258.79	258.79
2.343	258.94	258.94	258.94
2.3381	259.08	259.08	259.08
2.3326	259.24	259.24	259.24
2.3272	259.39	259.39	259.39
2.3218	259.54	259.54	259.54
2.317	259.67	259.67	259.67
2.3116	259.82	259.82	259.82
2.3063	259.96	259.96	259.96
2.301	260.1	260.1	260.1
2.2962	260.23	260.23	260.23
2.291	260.36	260.36	260.36
2.2857	260.5	260.5	260.5
2.2805	260.63	260.63	260.63
2.2753	260.76	260.76	260.76
2.2707	260.87	260.87	260.87
2.2655	260.99	260.99	260.99
2.2604	261.1	261.1	261.1
2.2553	261.21	261.21	261.21
2.2507	261.31	261.31	261.31
2.2457	261.41	261.41	261.41
2.2407	261.5	261.5	261.5
2.2356	261.59	261.59	261.59
2.2312	261.66	261.66	261.66
2.2262	261.72	261.72	261.72
2.2212	261.78	261.78	261.78
2.2163	261.82	261.82	261.82
2.2119	261.84	261.84	261.84
2.207	261.84	261.84	261.84
2.2022	261.82	261.82	261.82
2.1973	261.76	261.76	261.76
2.1925	261.67	261.67	261.67
2.1882	261.54	261.54	261.54
2.1834	261.36	261.36	261.36
2.1787	261.16	261.16	261.16
2.1739	261.08	261.08	261.08
2.1697	261.45	261.45	261.45
2.165	263.29	263.29	263.29
2.1603	266.97	266.97	266.97
2.1556	269.73	269.73	269.73
2.1515	270.27	270.27	270.27
2.1468	269.92	269.92	269.92
2.1423	269.41	269.41	269.41
2.1377	268.99	268.99	268.99
2.1331	268.67	268.67	268.67
2.129	268.46	268.46	268.46
2.1245	268.3	268.3	268.3
2.12	268.19	268.19	268.19
2.1155	268.12	268.12	268.12
2.1115	268.09	268.09	268.09
2.107	268.08	268.08	268.08
2.1026	268.08	268.08	268.08
2.0982	268.11	268.11	268.11
2.0942	268.14	268.14	268.14
2.0899	268.18	268.18	268.18
2.0855	268.23	268.23	268.23
2.0812	268.29	268.29	268.29
2.0773	268.35	268.35	268.35
2.073	268.42	268.42	268.42
2.0687	268.49	268.49	268.49
2.0644	268.57	268.57	268.57
2.0602	268.65	268.65	268.65
2.0563	268.72	268.72	268.72
2.0521	268.8	268.8	268.8
2.0479	268.89	268.89	268.89
2.0437	268.97	268.97	268.97
2.04	269.05	269.05	269.05
2.0358	269.14	269.14	269.14
2.0317	269.23	269.23	269.23
2.0276	269.32	269.32	269.32
2.0239	269.4	269.4	269.4
2.0198	269.5	269.5	269.5
2.0157	269.59	269.59	269.59
2.0117	269.68	269.68	269.68
2.008	269.76	269.76	269.76
2.004	269.86	269.86	269.86
2	269.95	269.95	269.95
1.996	270.04	270.04	270.04
1.992	270.13	270.13	270.13
1.9885	270.22	270.22	270.22
1.9845	270.31	270.31	270.31
1.9806	270.4	270.4	270.4
1.9767	270.49	270.49	270.49
1.9732	270.58	270.58	270.58
1.9693	270.67	270.67	270.67
1.9654	270.76	270.76	270.76
1.9615	270.85	270.85	270.85
1.9581	270.93	270.93	270.93
1.9543	271.02	271.02	271.02
1.9505	271.11	271.11	271.11
1.9467	271.2	271.2	271.2
1.9433	271.28	271.28	271.28
1.9395	271.37	271.37	271.37
1.9357	271.46	271.46	271.46
1.932	271.54	271.54	271.54
1.9283	271.63	271.63	271.63
1.9249	271.71	271.71	271.71
1.9212	271.79	271.79	271.79
1.9176	271.88	271.88	271.88
1.9139	271.97	271.97	271.97
1.9106	272.04	272.04	272.04
1.9069	272.13	272.13	272.13
1.9033	272.21	272.21	272.21
1.8997	272.29	272.29	272.29
1.8965	272.37	272.37	272.37
1.8929	272.45	272.45	272.45
1.8893	272.53	272.53	272.53
1.8857	272.61	272.61	272.61
1.8822	272.69	272.69	272.69
1.879	272.76	272.76	272.76
1.8755	272.84	272.84	272.84
1.872	272.92	272.92	272.92
1.8685	273	273	273
1.8653	273.07	273.07	273.07
1.8619	273.15	273.15	273.15
1.8584	273.22	273.22	273.22
1.8549	273.3	273.3	273.3
1.8519	273.37	273.37	273.37
1.8484	273.44	273.44	273.44
1.845	273.51	273.51	273.51
1.8416	273.58	273.58	273.58
1.8386	273.65	273.65	273.65
1.8352	273.72	273.72	273.72
1.8318	273.79	273.79	273.79
1.8285	273.86	273.86	273.86
1.8252	273.93	273.93	273.93
1.8222	273.99	273.99	273.99
1.8188	274.06	274.06	274.06
1.8155	274.12	274.12	274.12
1.8122	274.19	274.19	274.19
1.8093	274.25	274.25	274.25
1.806	274.31	274.31	274.31
1.8028	274.37	274.37	274.37
1.7995	274.43	274.43	274.43
1.7966	274.49	274.49	274.49
1.7934	274.55	274.55	274.55
1.7902	274.6	274.6	274.6
1.787	274.66	274.66	274.66
1.7841	274.71	274.71	274.71
1.7809	274.76	274.76	274.76
1.7778	274.81	274.81	274.81
1.7746	274.87	274.87	274.87
1.7715	274.92	274.92	274.92
1.7687	274.96	274.96	274.96
1.7655	275.01	275.01	275.01
1.7624	275.06	275.06	275.06
1.7593	275.12	275.12	275.12
1.7565	275.17	275.17	275.17
1.7535	275.25	275.25	275.25
1.7504	275.34	275.34	275.34
1.7473	275.47	275.47	275.47
1.7446	275.64	275.64	275.64
1.7415	275.9	275.9	275.9
1.7385	276.28	276.28	276.28
1.7355	276.78	276.78	276.78
1.7328	277.29	277.29	277.29
1.7298	277.82	277.82	277.82
1.7268	278.18	278.18	278.18
1.7238	278.35	278.35	278.35
1.7209	278.36	278.36	278.36
1.7182	278.31	278.31	278.31
1.7153	278.23	278.23	278.23
1.7123	278.14	278.14	278.14
1.7094	278.06	278.06	278.06
1.7068	278.01	278.01	278.01
1.7039	277.96	277.96	277.96
1.701	277.93	277.93	277.93
1.6981	277.91	277.91	277.91
1.6955	277.9	277.9	277.9
1.6926	277.89	277.89	277.89
1.6898	277.9	277.9	277.9
1.6869	277.91	277.91	277.91
1.6841	277.92	277.92	277.92
1.6815	277.94	277.94	277.94
1.6787	277.96	277.96	277.96
1.6759	277.99	277.99	277.99
1.6731	278.02	278.02	278.02
1.6706	278.04	278.04	278.04
1.6678	278.08	278.08	278.08
1.665	278.11	278.11	278.11
1.6622	278.15	278.15	278.15
1.6598	278.18	278.18	278.18
1.657	278.22	278.22	278.22
1.6543	278.26	278.26	278.26
1.6515	278.3	278.3	278.3
1.6491	278.33	278.33	278.33
1.6464	278.37	278.37	278.37
1.6437	278.41	278.41	278.41
1.641	278.46	278.46	278.46
1.6383	278.5	278.5	278.5
1.6359	278.54	278.54	278.54
1.6332	278.58	278.58	278.58
1.6305	278.62	278.62	278.62
1.6279	278.66	278.66	278.66
1.6255	278.7	278.7	278.7
1.6228	278.75	278.75	278.75
1.6202	278.79	278.79	278.79
1.6176	278.83	278.83	278.83
1.6153	278.87	278.87	278.87
1.6126	278.91	278.91	278.91
1.6101	278.96	278.96	278.96
1.6075	279	279	279
1.6051	279.04	279.04	279.04
1.6026	279.08	279.08	279.08
1.6	279.12	279.12	279.12
1.5974	279.17	279.17	279.17
1.5949	279.21	279.21	279.21
1.5926	279.25	279.25	279.25
1.5901	279.29	279.29	279.29
1.5876	279.33	279.33	279.33
1.585	279.37	279.37	279.37
1.5828	279.41	279.41	279.41
1.5803	279.45	279.45	279.45
1.5778	279.49	279.49	279.49
1.5753	279.53	279.53	279.53
1.5731	279.57	279.57	279.57
1.5706	279.61	279.61	279.61
1.5681	279.65	279.65	279.65
1.5657	279.69	279.69	279.69
1.5635	279.73	279.73	279.73
1.561	279.77	279.77	279.77
1.5586	279.81	279.81	279.81
1.5562	279.85	279.85	279.85
1.5538	279.89	279.89	279.89
1.5516	279.92	279.92	279.92
1.5492	279.96	279.96	279.96
1.5468	280	280	280
1.5444	280.04	280.04	280.04
1.5423	280.07	280.07	280.07
1.5399	280.11	280.11	280.11
1.5375	280.15	280.15	280.15
1.5352	280.19	280.19	280.19
1.533	280.22	280.22	280.22
1.5307	280.26	280.26	280.26
1.5284	280.3	280.3	280.3
1.526	280.34	280.34	280.34
1.5237	280.38	280.38	280.38
1.5216	280.41	280.41	280.41
1.5193	280.46	280.46	280.46
1.517	280.5	280.5	280.5
1.5147	280.54	280.54	280.54
1.5126	280.58	280.58	280.58
1.5104	280.64	280.64	280.64
1.5081	280.69	280.69	280.69
1.5058	280.75	280.75	280.75
1.5038	280.81	280.81	280.81
1.5015	280.89	280.89	280.89
1.4993	280.99	280.99	280.99
1.497	281.09	281.09	281.09
1.495	281.21	281.21	281.21
1.4928	281.35	281.35	281.35
1.4905	281.51	281.51	281.51
1.4883	281.68	281.68	281.68
1.4861	281.85	281.85	281.85
1.4841	281.99	281.99	281.99
1.4819	282.11	282.11	282.11
1.4797	282.19	282.19	282.19
1.4775	282.24	282.24	282.24
1.4756	282.25	282.25	282.25
1.4734	282.25	282.25	282.25
1.4712	282.23	282.23	282.23
1.4691	282.21	282.21	282.21
1.4671	282.19	282.19	282.19
1.465	282.18	282.18	282.18
1.4628	282.16	282.16	282.16
1.4607	282.15	282.15	282.15
1.4588	282.14	282.14	282.14
1.4567	282.13	282.13	282.13
1.4546	282.13	282.13	282.13
1.4524	282.14	282.14	282.14
1.4503	282.14	282.14	282.14
1.4484	282.15	282.15	282.15
1.4463	282.16	282.16	282.16
1.4443	282.17	282.17	282.17
1.4422	282.19	282.19	282.19
1.4403	282.2	282.2	282.2
1.4382	282.22	282.22	282.22
1.4362	282.23	282.23	282.23
1.4341	282.25	282.25	282.25
1.4323	282.27	282.27	282.27
1.4302	282.29	282.29	282.29
1.4282	282.31	282.31	282.31
1.4261	282.33	282.33	282.33
1.4243	282.35	282.35	282.35
1.4223	282.38	282.38	282.38
1.4203	282.4	282.4	282.4
1.4182	282.42	282.42	282.42
1.4162	282.44	282.44	282.44
1.4144	282.47	282.47	282.47
1.4124	282.49	282.49	282.49
1.4104	282.51	282.51	282.51
1.4085	282.54	282.54	282.54
1.4067	282.56	282.56	282.56
1.4047	282.59	282.59	282.59
1.4027	282.61	282.61	282.61
1.4008	282.63	282.63	282.63
1.399	282.66	282.66	282.66
1.397	282.68	282.68	282.68
1.3951	282.71	282.71	282.71
1.3932	282.73	282.73	282.73
1.3912	282.76	282.76	282.76
1.3895	282.78	282.78	282.78
1.3875	282.81	282.81	282.81
1.3856	282.83	282.83	282.83
1.3837	282.86	282.86	282.86
1.382	282.88	282.88	282.88
1.3801	282.91	282.91	282.91
1.3782	282.93	282.93	282.93
1.3763	282.96	282.96	282.96
1.3746	282.98	282.98	282.98
1.3727	283.01	283.01	283.01
1.3708	283.03	283.03	283.03
1.3689	283.06	283.06	283.06
1.3672	283.08	283.08	283.08
1.3654	283.11	283.11	283.11
1.3635	283.13	283.13	283.13
1.3617	283.16	283.16	283.16
1.3598	283.19	283.19	283.19
1.3581	283.21	283.21	283.21
1.3563	283.24	283.24	283.24
1.3545	283.27	283.27	283.27
1.3526	283.3	283.3	283.3
1.351	283.33	283.33	283.33
1.3492	283.36	283.36	283.36
1.3474	283.39	283.39	283.39
1.3455	283.43	283.43	283.43
1.3439	283.46	283.46	283.46
1.3421	283.5	283.5	283.5
1.3403	283.54	283.54	283.54
1.3385	283.58	283.58	283.58
1.3369	283.63	283.63	283.63
1.3351	283.68	283.68	283.68
1.3333	283.73	283.73	283.73
1.3316	283.8	283.8	283.8
1.3298	283.86	283.86	283.86
1.3282	283.93	283.93	283.93
1.3264	284	284	284
1.3247	284.08	284.08	284.08
1.3229	284.15	284.15	284.15
1.3214	284.21	284.21	284.21
1.3196	284.27	284.27	284.27
1.3179	284.33	284.33	284.33
1.3161	284.37	284.37	284.37
1.3146	284.39	284.39	284.39
1.3129	284.41	284.41	284.41
1.3111	284.42	284.42	284.42
1.3094	284.43	284.43	284.43
1.3079	284.43	284.43	284.43
1.3062	284.42	284.42	284.42
1.3045	284.42	284.42	284.42
1.3028	284.41	284.41	284.41
1.3011	284.41	284.41	284.41
1.2996	284.41	284.41	284.41
1.2979	284.41	284.41	284.41
1.2962	284.41	284.41	284.41
1.2945	284.41	284.41	284.41
1.293	284.41	284.41	284.41
1.2913	284.42	284.42	284.42
1.2897	284.42	284.42	284.42
1.288	284.43	284.43	284.43
1.2865	284.44	284.44	284.44
1.2849	284.45	284.45	284.45
1.2832	284.46	284.46	284.46
1.2816	284.47	284.47	284.47
1.2799	284.48	284.48	284.48
1.2785	284.49	284.49	284.49
1.2768	284.5	284.5	284.5
1.2752	284.51	284.51	284.51
1.2736	284.53	284.53	284.53
1.2721	284.54	284.54	284.54
1.2705	284.56	284.56	284.56
1.2689	284.57	284.57	284.57
1.2673	284.58	284.58	284.58
1.2658	284.6	284.6	284.6
1.2642	284.61	284.61	284.61
1.2626	284.63	284.63	284.63
1.261	284.65	284.65	284.65
1.2596	284.66	284.66	284.66
1.258	284.68	284.68	284.68
1.2564	284.69	284.69	284.69
1.2549	284.71	284.71	284.71
1.2533	284.73	284.73	284.73
1.2519	284.74	284.74	284.74
1.2503	284.76	284.76	284.76
1.2488	284.78	284.78	284.78
1.2472	284.8	284.8	284.8
1.2458	284.81	284.81	284.81
1.2443	284.83	284.83	284.83
1.2427	284.85	284.85	284.85
1.2412	284.87	284.87	284.87
1.2398	284.89	284.89	284.89
1.2382	284.9	284.9	284.9
1.2367	284.92	284.92	284.92
1.2352	284.94	284.94	284.94
1.2338	284.96	284.96	284.96
1.2323	284.98	284.98	284.98
1.2308	285	285	285
1.2293	285.03	285.03	285.03
1.2277	285.05	285.05	285.05
1.2264	285.07	285.07	285.07
1.2249	285.09	285.09	285.09
1.2234	285.12	285.12	285.12
1.2219	285.15	285.15	285.15
1.2206	285.17	285.17	285.17
1.2191	285.2	285.2	285.2
1.2176	285.23	285.23	285.23
1.2161	285.26	285.26	285.26
1.2148	285.29	285.29	285.29
1.2133	285.33	285.33	285.33
1.2118	285.36	285.36	285.36
1.2104	285.4	285.4	285.4
1.209	285.44	285.44	285.44
1.2076	285.48	285.48	285.48
1.2061	285.52	285.52	285.52
1.2047	285.56	285.56	285.56
1.2032	285.6	285.6	285.6
1.2019	285.63	285.63	285.63
1.2005	285.67	285.67	285.67
1.199	285.7	285.7	285.7
1.1976	285.72	285.72	285.72
1.1963	285.74	285.74	285.74
1.1949	285.76	285.76	285.76
1.1935	285.77	285.77	285.77
1.192	285.78	285.78	285.78
1.1908	285.78	285.78	285.78
1.1893	285.79	285.79	285.79
1.1879	285.79	285.79	285.79
1.1865	285.79	285.79	285.79
1.1851	285.79	285.79	285.79
1.1839	285.79	285.79	285.79
1.1825	285.79	285.79	285.79
1.1811	285.79	285.79	285.79
1.1797	285.8	285.8	285.8
1.1784	285.8	285.8	285.8
1.177	285.8	285.8	285.8
1.1756	285.81	285.81	285.81
1.1743	285.81	285.81	285.81
1.173	285.82	285.82	285.82
1.1717	285.82	285.82	285.82
1.1703	285.83	285.83	285.83
1.1689	285.84	285.84	285.84
1.1677	285.84	285.84	285.84
1.1663	285.85	285.85	285.85
1.165	285.86	285.86	285.86
1.1636	285.87	285.87	285.87
1.1623	285.88	285.88	285.88
1.161	285.89	285.89	285.89
1.1597	285.9	285.9	285.9
1.1584	285.91	285.91	285.91
1.157	285.92	285.92	285.92
1.1558	285.93	285.93	285.93
1.1545	285.94	285.94	285.94
1.1531	285.95	285.95	285.95
1.1518	285.96	285.96	285.96
1.1506	285.98	285.98	285.98
1.1493	285.99	285.99	285.99
1.148	286	286	286
1.1467	286.01	286.01	286.01
1.1455	286.03	286.03	286.03
1.1442	286.04	286.04	286.04
1.1429	286.05	286.05	286.05
1.1416	286.07	286.07	286.07
1.1403	286.08	286.08	286.08
1.1391	286.09	286.09	286.09
1.1378	286.11	286.11	286.11
1.1365	286.12	286.12	286.12
1.1352	286.14	286.14	286.14
1.134	286.16	286.16	286.16
1.1328	286.17	286.17	286.17
1.1315	286.19	286.19	286.19
1.1302	286.21	286.21	286.21
1.1291	286.22	286.22	286.22
1.1278	286.24	286.24	286.24
1.1265	286.27	286.27	286.27
1.1252	286.29	286.29	286.29
1.1241	286.3	286.3	286.3
1.1228	286.33	286.33	286.33
1.1216	286.35	286.35	286.35
1.1203	286.37	286.37	286.37
1.1191	286.4	286.4	286.4
1.1179	286.42	286.42	286.42
1.1167	286.45	286.45	286.45
1.1155	286.47	286.47	286.47
1.1142	286.5	286.5	286.5
1.1131	286.52	286.52	286.52
1.1119	286.55	286.55	286.55
1.1106	286.57	286.57	286.57
1.1094	286.59	286.59	286.59
1.1083	286.61	286.61	286.61
1.1071	286.63	286.63	286.63
1.1058	286.65	286.65	286.65
1.1046	286.66	286.66	286.66
1.1034	286.67	286.67	286.67
1.1023	286.68	286.68	286.68
1.1011	286.69	286.69	286.69
1.0999	286.7	286.7	286.7
1.0987	286.7	286.7	286.7
1.0976	286.7	286.7	286.7
1.0964	286.71	286.71	286.71
1.0952	286.71	286.71	286.71
1.094	286.71	286.71	286.71
1.0929	286.71	286.71	286.71
1.0917	286.72	286.72	286.72
1.0905	286.72	286.72	286.72
1.0893	286.72	286.72	286.72
1.0883	286.73	286.73	286.73
1.0871	286.73	286.73	286.73
1.0859	286.73	286.73	286.73
1.0847	286.74	286.74	286.74
1.0835	286.74	286.74	286.74
1.0825	286.75	286.75	286.75
1.0813	286.75	286.75	286.75
1.0801	286.76	286.76	286.76
1.079	286.76	286.76	286.76
1.0779	286.77	286.77	286.77
1.0768	286.78	286.78	286.78
1.0756	286.79	286.79	286.79
1.0745	286.79	286.79	286.79
1.0734	286.8	286.8	286.8
1.0723	286.81	286.81	286.81
1.0711	286.82	286.82	286.82
1.07	286.83	286.83	286.83
1.069	286.83	286.83	286.83
1.0678	286.84	286.84	286.84
1.0667	286.85	286.85	286.85
1.0655	286.86	286.86	286.86
1.0644	286.87	286.87	286.87
1.0634	286.88	286.88	286.88
1.0622	286.89	286.89	286.89
1.0611	286.9	286.9	286.9
1.06	286.92	286.92	286.92
1.059	286.93	286.93	286.93
1.0579	286.94	286.94	286.94
1.0568	286.95	286.95	286.95
1.0556	286.97	286.97	286.97
1.0546	286.98	286.98	286.98
1.0535	286.99	286.99	286.99
1.0524	287.01	287.01	287.01
1.0513	287.02	287.02	287.02
1.0503	287.03	287.03	287.03
1.0492	287.05	287.05	287.05
1.0481	287.07	287.07	287.07
1.047	287.08	287.08	287.08
1.0459	287.1	287.1	287.1
1.0449	287.11	287.11	287.11
1.0438	287.13	287.13	287.13
1.0428	287.15	287.15	287.15
1.0417	287.17	287.17	287.17
1.0407	287.18	287.18	287.18
1.0396	287.2	287.2	287.2
1.0385	287.22	287.22	287.22
1.0375	287.23	287.23	287.23
1.0365	287.25	287.25	287.25
1.0354	287.26	287.26	287.26
1.0343	287.28	287.28	287.28
1.0333	287.29	287.29	287.29
1.0322	287.3	287.3	287.3
1.0313	287.31	287.31	287.31
1.0302	287.32	287.32	287.32
1.0291	287.33	287.33	287.33
1.0281	287.33	287.33	287.33
1.0271	287.34	287.34	287.34
1.0261	287.34	287.34	287.34
1.025	287.35	287.35	287.35
1.024	287.35	287.35	287.35
1.023	287.35	287.35	287.35
1.022	287.36	287.36	287.36
1.0209	287.36	287.36	287.36
1.0199	287.36	287.36	287.36
1.019	287.37	287.37	287.37
1.0179	287.37	287.37	287.37
1.0169	287.37	287.37	287.37
1.0158	287.38	287.38	287.38
1.0148	287.38	287.38	287.38
1.0139	287.38	287.38	287.38
1.0129	287.39	287.39	287.39
1.0118	287.39	287.39	287.39
1.0108	287.4	287.4	287.4
1.0099	287.4	287.4	287.4
1.0089	287.41	287.41	287.41
1.0079	287.41	287.41	287.41
1.0069	287.42	287.42	287.42
1.0059	287.42	287.42	287.42
1.0049	287.43	287.43	287.43
1.0039	287.43	287.43	287.43
1.0029	287.44	287.44	287.44
1.002	287.45	287.45	287.45
1.001	287.46	287.46	287.46
1	287.46	287.46	287.46
